Webots Project File version R2020b
perspectives: 000000ff00000000fd00000003000000000000000000000000fc0100000001fb0000001a0044006f00630075006d0065006e0074006100740069006f006e0000000000ffffffff0000006900ffffff000000010000020000000796fc0200000001fb0000001400540065007800740045006400690074006f0072010000002f00000796000000a600ffffff0000000300000f0100000047fc0100000001fb0000001a0043006f006e0073006f006c00650041006c006c0041006c006c010000000000000f010000006900ffffff00000cff0000079600000001000000020000000100000008fc00000000
simulationViewPerspectives: 000000ff00000001000000020000027200000a8b0100000002010000000100
sceneTreePerspectives: 000000ff0000000100000002000000c0000000fa0100000002010000000200
maximizedDockId: -1
centralWidgetVisible: 1
orthographicViewHeight: 1
textFiles: 0 "controllers/av_challenge_controller/av_challenge_controller.py"
consoles: Console:All:All
renderingDevicePerspectives: vehicle:front_camera;1;4.01563;0;0
renderingDevicePerspectives: vehicle:rear_camera;1;3.94531;0.00148203;0.146067
